param[  0]   = -0.002021
param[  1]   = 28.782137
param[  2]   = 0.945254
param[  3]   = 59.665721
param[  4]   = 672.108062
 I[0] = 28.782137
 I[1] = 0.000829
 I[2] = -0.195873
 I[4] = 29.383925
 I[5] = -0.012037
 I[8] = -0.013543
 
 m   = 179.290528
 mx  = -0.034504
 my  = -0.002021
 mz  = 0.452687
 m_a = 3.443039
 m_b = -89.609581
 m_c = -93.529877
 I_x = 0.000000
 I_y = 28.783468
 I_z = 29.383931
 Guete[1] = 0.000000
 Guete[2] = 0.000000
 Guete[3] = 0.000000
 Guete[4] = 0.000000
 Guete[5] = 43.925151
 Guete[6] = 0.000000
