param[  0]   = 0.035301
param[  1]   = 0.008489
param[  2]   = 5.529631
param[  3]   = 0.945985
param[  4]   = 50.970312
param[  5]   = 517.875116
 I[0] = 28.781390
 I[1] = -0.003357
 I[2] = -0.200400
 I[4] = 29.383294
 I[5] = 0.047641
 I[8] = 5.529631
 
 m   = 179.290528
 mx  = -0.035301
 my  = 0.008489
 mz  = 0.452687
 m_a = -13.039795
 m_b = -89.493187
 m_c = -76.601082
 I_x = 5.527809
 I_y = 28.783093
 I_z = 29.383413
 Guete[1] = 0.000000
 Guete[2] = 0.000000
 Guete[3] = 0.000000
 Guete[4] = 0.000000
 Guete[5] = 0.000000
 Guete[6] = 18.680875
