param[  0]   = 179.290528
param[  1]   = 0.034504
param[  2]   = -0.692687
param[  3]   = 29.383925
param[  4]   = 0.880370
param[  5]   = 0.945900
param[  6]   = 256.587340
param[  7]   = 60.505171
param[  8]   = 680.641805
 I[0] = -2.843646
 I[1] = 0.000041
 I[2] = -0.195873
 I[4] = 29.383925
 I[5] = -0.000597
 I[8] = -0.013492
 
 m   = 179.290528
 mx  = -0.034504
 my  = -0.000007
 mz  = 0.452687
 m_a = 0.000000
 m_b = -3.940367
 m_c = -90.001167
 I_x = 0.000000
 I_y = 0.000000
 I_z = 29.383925
 Guete[1] = 0.000000
 Guete[2] = 0.000000
 Guete[3] = 264.818252
 Guete[4] = 0.000000
 Guete[5] = 48.056929
 Guete[6] = 0.000000
